-0.395016 -0.0364199 -0.586602 -0.0427763 0.540841 0.0661183
-0.382668 0.119821 -0.613703 0.14108 0.714856 -0.108652
-0.364644 0.064548 -0.580896 0.0737646 -0.749805 0.0495204
-0.301735 -0.157141 -0.478013 -0.17346 -0.637383 -0.165641
-0.288549 -0.1587 -0.46326 -0.175003 -0.814998 -0.23216
-0.288146 -0.143806 -0.46221 -0.159102 -0.812568 -0.212489
-0.272207 -0.136619 -0.445047 -0.149634 -0.787232 -0.198708
-0.270812 0.0175129 -0.437467 0.0164085 -0.316043 0.0050483
-0.251491 -0.128392 -0.416296 -0.140981 -0.739166 -0.186849
-0.249037 -0.112782 -0.414457 -0.121657 -0.73691 -0.161514
-0.237152 0.0547505 -0.40797 0.0569353 -0.749805 0.0495204
-0.237152 0.0547505 -0.40797 0.0569353 -0.749805 0.0495204
-0.235 0.0314383 -0.400092 0.0310119 -0.725039 0.0168168
-0.221599 -0.112058 -0.380461 -0.121806 -0.686289 -0.160004
-0.211708 -0.126241 -0.36879 -0.13672 -0.671124 -0.177997
-0.19758 -0.12252 -0.354029 -0.132885 -0.651717 -0.172599
-0.196268 5.45521e-06 -0.351555 -0.00304623 -0.647299 -0.0230343
-0.19322 -0.121174 -0.349183 -0.131394 -0.64549 -0.170131
-0.178675 -0.111725 -0.333293 -0.121299 -0.623589 -0.157884
-0.172939 -0.11446 -0.327638 -0.124399 -0.618128 -0.163206
-0.148986 -0.10663 -0.300264 -0.114659 -0.582313 -0.151743
-0.147729 0.033684 -0.30692 0.032752 -0.612487 0.0190776
-0.147729 0.033684 -0.30692 0.032752 -0.612487 0.0190776
-0.124062 -0.0914729 -0.273198 -0.0991794 -0.547077 -0.128585
-0.112453 -0.105088 -0.261059 -0.113441 -0.533169 -0.145682
-0.111501 0.0420067 -0.267252 0.0412434 -0.561848 0.029128
-0.106947 0.0761236 -0.265204 0.0784552 -0.567516 0.074904
-0.105164 0.071842 -0.263155 0.0741173 -0.563177 0.0666172
-0.092675 -0.109651 -0.240416 -0.117698 -0.507454 -0.147915
-0.0903002 0.0644126 -0.243489 0.0645698 -0.531194 0.0553281
-0.0798795 0.097898 -0.240583 0.102639 -0.553062 0.103087
-0.0765495 0.050484 -0.228636 0.0494232 -0.511443 0.0379324
-0.0450325 0.0199482 -0.191973 0.0161998 -0.457024 -0.00120864
-0.0349978 0.134214 -0.196255 0.146957 -0.521733 0.161482
-0.0335313 -0.126969 -0.181285 -0.137255 -0.445527 -0.17215
-0.0265751 -0.131037 -0.173724 -0.141748 -0.437044 -0.177061
-0.0231842 0.0742693 -0.173788 0.074859 -0.453152 0.0686923
-0.0148024 0.0831229 -0.164974 0.0845053 -0.452146 0.0776992
-0.00943483 0.070273 -0.160273 0.0706107 -0.442045 0.0612704
-0.00723331 -0.140071 -0.154212 -0.152469 -0.410952 -0.184342
0.00320809 -0.137743 -0.142418 -0.148445 -0.400439 -0.183822
0.0281349 -0.0381164 -0.123246 -0.0465987 -0.407362 -0.0752772
0.0304901 -0.0862937 -0.121098 -0.0995401 -0.405949 -0.13723
0.0339757 -0.0897057 -0.117718 -0.103135 -0.401678 -0.141552
0.0940041 -0.0380958 -0.0492413 -0.0457888 -0.301702 -0.0695886
0.0942995 -0.131051 -0.0497995 -0.143026 -0.302825 -0.178273
0.0994611 -0.162534 -0.0450069 -0.176743 -0.298264 -0.21664
0.0995654 -0.154442 -0.0449483 -0.168086 -0.297696 -0.206776
0.10201 -0.148608 -0.0420986 -0.162128 -0.294754 -0.199514
0.111991 0.108815 -0.031063 0.112382 -0.298571 0.112588
0.121483 -0.0373485 0.087475 -0.12062 -0.271885 -0.0699299
0.12174 -0.0316035 -0.0207333 -0.0391038 -0.272063 -0.0622224
0.123625 0.0216462 -0.0191451 0.0176382 -0.277146 0.00165202
0.126616 0.108211 -0.016901 0.112031 -0.285569 0.109804
0.130113 0.008752 -0.0117969 0.00227747 -0.263542 -0.0189006
0.130942 -0.133302 -0.0119368 -0.146499 -0.262221 -0.182636
0.132387 -0.0388668 -0.00945844 -0.0467274 -0.258625 -0.0712649
0.132561 0.0150949 -0.0097112 0.0103726 -0.265807 -0.00651662
0.132561 0.0150949 -0.0097112 0.0103726 -0.265807 -0.00651662
0.133114 -0.0276652 -0.00880831 -0.0350076 -0.262683 -0.0570531
0.13901 0.0958123 -0.00291219 0.100186 -0.26551 0.0937883
0.141431 -0.0381277 -0.000423086 -0.0460647 -0.248024 -0.0693551
0.141875 -0.0162102 0.000487785 -0.0231338 -0.249676 -0.0445871
0.143733 -0.0259126 0.00198697 -0.0330589 -0.249288 -0.0563969
0.154333 0.00358738 0.0132278 -0.00259693 -0.238061 -0.0217328
0.154845 -0.008056 0.013436 -0.0148938 -0.237521 -0.036035
0.159819 0.0101571 0.0184359 0.00547762 -0.230278 -0.0126571
0.163577 0.0339891 0.024269 0.0303367 -0.22342 0.0159527
0.164043 -0.051384 0.0229829 -0.060376 -0.223203 -0.0849062
0.166833 0.00935116 0.0269722 0.00371164 -0.221525 -0.0137526
0.170968 -0.0217994 0.030367 -0.0287182 -0.214625 -0.050629
0.173001 -0.0672938 0.0324497 -0.0771495 -0.21362 -0.104487
0.173127 -0.0114613 0.0329442 -0.0183891 -0.212784 -0.038564
0.173127 -0.0114613 0.0329442 -0.0183891 -0.212784 -0.038564
0.173257 -0.148877 0.0316791 -0.163575 -0.213961 -0.201835
0.175126 -0.148344 0.0316791 -0.163575 -0.213961 -0.201835
0.17842 0.0197288 0.0370287 0.0156178 -0.208288 -0.001514
0.179138 -0.157212 0.0378929 -0.172075 -0.207512 -0.210171
0.179138 -0.157212 0.0378929 -0.172075 -0.207512 -0.210171
0.179167 -0.0146918 0.0394039 -0.021792 -0.205934 -0.0421737
0.182315 0.0301978 0.042775 0.0260322 -0.201998 0.0109162
0.184677 0.135542 0.0470519 0.143335 -0.210473 0.152056
0.191731 0.136648 0.0548246 0.144377 -0.201734 0.152958
0.19506 0.100603 0.0578243 0.105207 -0.201538 0.108412
0.19638 0.171916 0.0610526 0.186525 -0.199785 0.209272
0.197684 0.112527 0.0611361 0.117966 -0.195291 0.122049
0.200394 0.172313 0.0654937 0.186661 -0.198754 0.208658
0.209415 0.14053 0.0753742 0.147929 -0.175529 0.153963
0.210001 0.0420207 0.0724301 0.0381772 -0.171493 0.0247062
0.217696 -0.0938872 0.0797433 -0.107131 -0.165364 -0.140543
0.219134 0.0472103 0.0814814 0.0436162 -0.160277 0.0306981
0.219134 0.0472103 0.0814814 0.0436162 -0.160277 0.0306981
0.219839 0.0997202 0.0834196 0.0996113 -0.160851 0.0937746
0.220701 0.0569784 0.0834319 0.0539262 -0.158809 0.0405987
0.225514 -0.106223 0.087475 -0.12062 -0.15598 -0.154902
0.225599 -0.0897454 0.0872966 -0.102426 -0.15564 -0.13503
0.225599 -0.0897454 0.0872966 -0.102426 -0.15564 -0.13503
0.228394 -0.0209225 0.0910048 -0.028865 -0.151553 -0.0508609
0.232365 -0.0903346 0.0947178 -0.103172 -0.147579 -0.13508
0.233027 0.111398 0.0971996 0.112451 -0.145057 0.10918
0.23387 -0.0615316 0.0968415 -0.0713809 -0.145615 -0.10029
0.234284 -0.0706239 0.0968373 -0.0818284 -0.145312 -0.111053
0.236487 0.036884 0.0994889 0.033099 -0.141157 0.0175405
0.23659 0.143045 0.100378 0.149636 -0.142121 0.15504
0.240902 0.120313 0.105702 0.122233 -0.133138 0.11982
0.243524 0.114232 0.108129 0.115395 -0.134148 0.112835
0.247526 -0.0939403 0.110486 -0.106762 -0.129769 -0.138631
0.248136 -0.100521 0.111061 -0.114184 -0.128931 -0.146978
0.248312 0.0293984 0.111711 0.0249585 -0.1273 0.00858372
0.25017 -0.114129 0.112943 -0.127504 -0.126436 -0.16322
0.250189 0.127845 0.122109 0.133902 -0.124376 0.131302
0.250841 -0.072313 0.114455 -0.0847577 -0.125993 -0.113515
0.254809 0.0824772 0.119776 0.0817302 -0.118897 0.0743081
0.254828 -0.0783407 0.118563 -0.0907544 -0.121213 -0.12095
0.255157 0.179249 0.124913 0.192852 -0.122508 0.213737
0.255217 0.034448 0.118864 0.0299405 -0.118744 0.0147416
0.259255 -0.0819349 0.121845 -0.0953562 -0.115043 -0.124137
0.259736 -0.0804364 0.121845 -0.0953562 -0.115043 -0.124137
0.265769 0.0446923 0.129437 0.0403761 -0.106639 0.0254671
0.265769 0.0446923 0.129437 0.0403761 -0.106639 0.0254671
0.276515 0.0676198 0.141954 0.0650512 -0.0944579 0.0557032
0.283613 0.0665977 0.150933 0.0645273 -0.0862788 0.0554775
0.284386 0.0597958 -0.58648 -0.108499 -0.0840741 0.046473
0.293275 0.0622516 0.161809 0.058697 -0.0754215 0.0504571
0.301356 0.0236434 0.165385 0.0182119 -0.06805 0.00114082
0.317985 0.00324311 0.182353 -0.00220437 -0.0505314 -0.0203862
0.326507 -0.103479 0.189658 -0.115305 -0.0410488 -0.143376
0.32653 -0.158382 0.188612 -0.172585 -0.0421398 -0.205702
0.329612 -0.112381 0.19265 -0.124298 -0.0380673 -0.153408
0.330286 -0.123127 0.192907 -0.135768 -0.0374617 -0.165291
0.330286 -0.123127 0.192907 -0.135768 -0.0374617 -0.165291
0.330358 -0.110772 0.19265 -0.124298 -0.0380673 -0.153408
0.33325 0.0929808 0.204439 0.0924772 -0.0198235 0.0859531
0.334528 -0.116678 0.197434 -0.128732 -0.0325632 -0.157503
0.338663 -0.169271 0.200992 -0.183175 -0.0297821 -0.215905
0.34325 0.171249 0.21838 0.180141 -0.0113491 0.190959
0.344574 -0.113638 0.207374 -0.12554 -0.0219935 -0.153654
0.346693 0.0339742 0.210643 0.028211 -0.016193 0.0114755
0.349151 -0.170162 0.211424 -0.183832 -0.0179425 -0.216586
0.349454 0.174306 0.224618 0.181584 0.00220993 0.191202
0.35154 -0.107689 0.215241 -0.118817 -0.0144566 -0.146554
0.357706 -0.172102 0.219763 -0.186108 -0.00943254 -0.218519
0.358227 -0.0948436 0.220908 -0.105999 -0.00806318 -0.132081
0.35911 -0.191075 0.221352 -0.205859 -0.00728451 -0.239706
0.371316 -0.0252018 0.234612 -0.0339882 0.00647136 -0.0544369
0.379556 -0.01132 0.242369 -0.0194428 0.0143405 -0.0384007
0.390776 -0.0351069 0.25286 -0.0440816 0.0252183 -0.0645066
0.398453 -0.179719 0.259522 -0.19307 0.0325767 -0.223638
0.399914 -0.165598 0.261618 -0.178481 0.0343425 -0.20797
0.400393 -0.0377336 0.262502 -0.0466013 0.0351713 -0.0669562
0.4008 -0.0281292 0.26194 -0.0365392 0.0346949 -0.056363
0.401567 -0.203636 0.262948 -0.217841 0.0355227 -0.249846
0.40405 -0.0392772 0.266071 -0.048621 0.0387889 -0.0689236
0.409329 -0.172415 0.271018 -0.185799 0.0429405 -0.214176
0.414249 -0.0209655 0.276255 -0.0294981 0.0490846 -0.0488247
0.422608 -0.164661 0.28349 -0.177241 0.0565716 -0.205463
0.423452 -0.00943029 0.285412 -0.0178021 0.0585781 -0.0360207
0.428852 -0.0235583 0.289906 -0.0321012 0.0628716 -0.0513007
0.431094 -0.033759 0.292017 -0.0427499 0.064933 -0.0624721
0.431746 -0.0657015 0.292722 -0.0760006 0.065938 -0.0971545
0.431906 -0.0102348 0.293581 -0.0187496 0.0667307 -0.0372814
0.435948 -0.164874 0.296423 -0.177013 0.0699015 -0.204398
0.444055 -0.0734444 0.305622 -0.0843449 0.0766525 -0.104817
0.446295 -0.0543912 0.306807 -0.0641594 0.0796689 -0.0846568
0.450437 -0.00741187 0.31117 -0.0157858 0.08429 -0.0337685
0.45296 -0.000469254 0.313492 -0.00879413 0.0863224 -0.0267442
0.470003 -0.169048 0.328513 -0.179747 0.101919 -0.204628
0.475686 -0.0948861 0.334373 -0.105187 0.10848 -0.127015
0.485541 -0.0997032 0.344045 -0.110216 0.104938 -0.128173
0.487955 -0.158234 0.34592 -0.169231 0.118872 -0.193259
0.489581 -0.11013 0.34714 -0.120627 0.119912 -0.142822
0.49085 -0.146336 0.348579 -0.157194 0.121756 -0.180908
0.491231 -0.106245 0.349443 -0.116433 0.122277 -0.138322
0.492602 -0.150334 0.349942 -0.161379 0.123045 -0.185097
0.497863 -0.152176 0.355113 -0.16275 0.12778 -0.186102
0.547179 0.0445142 -0.605712 -0.0315127 0.17876 0.0204288
0.558473 -0.079039 0.412385 -0.0885835 0.334379 -0.175666
0.558684 -0.14799 0.412361 -0.15782 0.182608 -0.178478
0.562849 -0.00735585 0.416835 -0.0164344 0.186203 -0.0339411
0.568953 -0.143719 0.422187 -0.153438 0.191828 -0.173375
0.569232 -0.171309 0.421706 -0.179135 0.191274 -0.199
0.569947 -0.0650922 0.42402 -0.0755861 0.193444 -0.094698
0.569947 -0.0650922 0.42402 -0.0755861 0.193444 -0.094698
0.581445 -0.0504608 0.433425 -0.06029 0.201728 -0.0783427
0.58387 -0.161211 0.434521 -0.169223 0.203013 -0.188392
0.584455 -0.197307 0.435308 -0.207291 0.204105 -0.228336
0.584455 -0.197307 0.435308 -0.207291 0.204105 -0.228336
0.594466 -0.164792 0.444548 -0.173353 0.212067 -0.192124
0.599176 -0.0507037 0.449159 -0.0601724 0.216103 -0.0786664
0.607054 -0.171966 0.455121 -0.180552 0.221867 -0.199188
0.612097 -0.190026 0.460451 -0.19767 0.227156 -0.213936
0.617487 -0.172603 0.465384 -0.181167 0.231288 -0.199174
0.621805 -0.160305 0.469302 -0.16874 0.235127 -0.186517
0.629772 -0.0485248 0.477764 -0.0576087 0.242565 -0.0747412
0.638288 -0.215405 0.484946 -0.22383 0.249931 -0.241688
0.642096 -0.152819 0.488608 -0.161001 0.253398 -0.177847
0.64365 -0.145687 0.490213 -0.154039 0.25413 -0.171238
0.653306 -0.148971 0.497682 -0.156289 0.26138 -0.173385
0.654236 -0.0679696 0.501744 -0.0765125 0.265373 -0.0934641
0.657236 -0.066414 0.501744 -0.0765125 0.265373 -0.0934641
0.685533 0.0750417 0.545315 0.0660122 -0.208288 -0.001514
0.709017 0.0747409 0.56768 0.0657606 0.335399 0.0502806
0.710018 -0.0272619 0.550665 -0.0370903 -0.442045 0.0612704
0.711976 -0.132997 0.55143 -0.140583 0.308546 -0.155629
0.721265 -0.211656 0.566247 -0.218889 0.325981 -0.232276
0.724439 0.0386387 0.576024 0.0258512 0.337863 0.00709884
0.746297 0.0541676 0.598856 0.0446046 0.357568 0.0250907
0.748629 -0.0267364 0.584097 -0.0369318 0.336624 -0.0525197
0.75465 -0.000860437 0.589935 -0.0117977 0.341377 -0.0273387
0.754734 0.135458 0.612758 0.126363 0.377836 0.111531
0.756143 -0.0621499 0.59079 -0.071314 0.342242 -0.0860483
0.759691 -0.09887 0.596722 -0.11048 0.352511 -0.124945
0.763412 0.00828803 0.597245 -0.00231602 0.34741 -0.0190354
0.764012 0.0205553 0.599225 0.00706787 0.350084 -0.0112262
0.766164 0.00165019 0.59966 -0.00815475 0.349864 -0.0243824
0.770978 -0.0139758 0.604502 -0.0245739 0.353432 -0.0411094
0.78307 0.160943 0.661581 0.154385 0.412817 0.137486
0.783979 -0.0395084 0.614553 -0.0490314 0.362251 -0.0634036
0.789664 0.0106033 0.61978 -0.00138906 0.366663 -0.017689
0.79063 -0.028126 0.619409 -0.0374029 0.366029 -0.0528574
0.791538 -0.0214622 0.621245 -0.0311463 0.367841 -0.0466396
0.794351 -0.0451939 0.623623 -0.0548434 0.369916 -0.0695272
0.794351 -0.0451939 0.623623 -0.0548434 0.369916 -0.0695272
0.795525 -0.0320093 0.624299 -0.0419249 0.370576 -0.0568681
0.800481 0.107006 0.657075 0.0967577 0.419432 0.0808995
0.802767 -0.0128105 0.631751 -0.0224743 0.376438 -0.0379037
0.806416 0.105162 0.66157 0.0948765 0.423194 0.0788776
0.807159 -0.00623993 0.634626 -0.0174868 0.378978 -0.0335673
0.810424 -0.0182947 0.63742 -0.0281694 0.380893 -0.0434942
0.811783 -0.0388225 0.63746 -0.0476328 0.380921 -0.0625474
0.814397 0.00348995 0.641663 -0.00783569 0.384834 -0.0241328
0.821447 0.0198331 0.648459 0.0084734 0.390695 -0.00821888
0.823531 -0.226206 0.659072 -0.23313 0.411908 -0.245474
0.824955 -0.0164171 0.649887 -0.0268029 0.391971 -0.0421438
0.828113 0.0025407 0.652988 -0.0085346 0.384834 -0.0241328
0.828584 0.0710264 0.670335 0.059051 0.42239 0.0418074
0.830869 0.0194956 0.656113 0.00761946 0.397342 -0.0092789
0.836708 0.0267339 0.660805 0.0143663 0.400565 -0.00282996
0.836794 0.0504701 0.680391 0.0375421 0.430777 0.0208048
0.841332 -0.0830008 0.663994 -0.0900767 0.405221 -0.103378
0.843657 -0.108699 0.66535 -0.115862 0.406576 -0.126959
0.844434 -0.0783599 0.666898 -0.0862491 0.4071 -0.0990937
0.845812 -0.114224 0.667102 -0.121386 0.408019 -0.131923
0.846644 -0.12606 0.66692 -0.133289 0.408735 -0.143073
0.847316 -0.0839522 0.670389 -0.0921456 0.409826 -0.104113
0.84877 -0.135543 0.681184 -0.146302 0.428326 -0.159709
0.850218 0.0707945 0.691444 0.0586998 0.440457 0.0419063
0.858333 0.0534517 0.696697 0.0404139 0.444929 0.0221823
0.861334 -0.15722 0.690877 -0.163709 0.435517 -0.17479
0.86361 -0.0972279 0.682662 -0.105342 -0.407253 0.0864147
0.865582 -0.235144 0.697347 -0.242701 0.445593 -0.253294
